[[1, 1, 0.13078728448877386, 0.1352463939914795, 0.96198000000001005, 0.96209999999999918, 16.75964453935623], 
[1, 5, 0.031703885926813849, 0.084265584368408697, 0.99266000000000443, 0.97679999999999934, 16.73334265947342], 
[1, 10, 0.0082602111126980401, 0.085826303182814229, 0.99914000000000058, 0.97699999999999942, 16.643601751327516],
 [1, 20, 0.0017148402099905109, 0.097384868285325887, 1.0, 0.97719999999999918, 16.593169059753418],
 [1, 0.5, 0.16506868244166795, 0.15998242100945143, 0.95112000000000763, 0.95459999999999934, 16.75982525110245], 
[1, 0.1, 0.21472088887452731, 0.20515029752310213, 0.93600000000000383, 0.93839999999999979, 16.81132129907608], 
[0.5, 1, 0.19816308372153951, 0.18984097855830345, 0.94220000000000614, 0.94649999999999934, 16.6501642203331],
 [0.5, 5, 0.071546401317796313, 0.099011206805655755, 0.98078000000000864, 0.9718999999999991, 16.589942450523377], 
[0.5, 10, 0.028889649073158986, 0.08117970109248164, 0.99378000000000366, 0.97599999999999854, 16.711340100765227],
 [0.5, 20, 0.0067553817251745094, 0.082875333246208396, 0.99962000000000029, 0.97749999999999826, 16.72041467189789],
 [0.5, 0.5, 0.23606245312509225, 0.22238864292947988, 0.93136000000000452, 0.93639999999999912, 16.725648639202117],
 [0.5, 0.1, 0.28980546992933831, 0.27278920611297575, 0.91644000000000114, 0.91999999999999948, 16.812611072063447],
 [2, 1, 0.089724520611921654, 0.10405519736315524, 0.97378000000000997, 0.97119999999999873, 16.699749920368195],
 [2, 5, 0.015036535261687229, 0.078332247858476797, 0.99744000000000166, 0.97799999999999854, 16.5707009100914],
 [2, 10, 0.0030800385174518533, 0.084933971017682811, 0.99990000000000012, 0.97849999999999882, 16.61685781955719],
 [2, 20, 0.0007130617857967563, 0.095233203571042577, 1.0, 0.97919999999999874, 16.73178563117981],
 [2, 0.5, 0.12046514495606155, 0.12304797942765484, 0.96452000000001081, 0.96569999999999923, 2.9846906089782714],
 [2, 0.1, 0.17979291746207091, 0.17536020609646549, 0.94520000000000626, 0.94839999999999991, 3.0288951802253723]]
